image: SVEv2.pgm
resolution: 0.025000
origin: [-3.9625, -2.775, 0.000000]
negate: 0
occupied_thresh: 0.65
free_thresh: 0.196

